18 18 18 12 12 12 12 12 12 12 12 17 17 17 17 17 17 17 17 17
18 18 18 13 12 12 12 12 12 12 12 17 17 17 17 17 17 17 17 17
18 13 13 13 13 12 12 12 12 12 17 17 17 17 17 17 17 17 17 17
13 13 13 13 13 13 12 12 2 2 2 17 17 17 17 17 17 11 11 11
13 13 13 13 13 13 2 2 2 2 2 2 17 17 17 11 11 11 11 11
13 13 13 13 13 13 2 2 2 2 2 2 2 11 11 11 11 11 11 11
13 13 13 13 5 5 2 2 2 2 2 2 2 11 11 11 11 11 11 11
20 20 5 5 5 5 5 2 2 2 2 2 2 11 11 11 11 11 11 11
20 20 5 5 5 5 5 2 2 2 2 2 15 15 11 11 11 11 11 11
20 20 5 5 5 5 3 3 10 10 10 15 15 15 15 15 11 11 0 0
20 20 5 5 5 3 3 3 10 10 10 15 15 15 15 15 0 0 0 0
20 16 16 16 3 3 3 3 10 10 10 15 15 15 15 15 0 0 0 0
16 16 16 16 16 3 8 8 10 10 10 15 15 15 15 15 0 0 0 0
16 16 16 16 16 8 8 8 8 21 21 21 15 15 15 15 0 0 0 0
16 16 16 16 16 8 8 8 8 21 21 21 21 6 6 6 6 0 0 0
1 1 16 16 16 8 8 8 21 21 21 21 21 6 6 6 6 6 0 0
1 1 1 1 1 19 19 19 19 21 21 21 21 6 6 6 6 6 9 9
1 1 1 1 1 19 19 19 19 21 21 14 14 6 6 6 6 6 9 9
1 1 1 1 7 7 19 4 4 14 14 14 14 6 6 6 6 9 9 9
1 1 1 7 7 7 4 4 4 14 14 14 14 14 6 6 6 9 9 9
