12.627783239980793 18.868400202208477 3.1909162165238754 407589.36008783535 71900
17.548785786164043 2.37329763472373 2.7761064867633114 33076.53744580378 6811
6.830395135266641 9.139292610607836 3.614457825602097 4203479.421669051 619267
10.968185573143739 6.317178122306721 1.893399829091213 344835.94240028714 91872
19.339640672965047 7.502515311834708 1.3038298059261437 43348.46528624406 12993
8.890736226034074 4.56640058831677 2.6191107814666696 639267.2052428911 138792
16.95618737143469 15.065462532236932 2.920424701248848 928834.6409143932 181683
19.890343374967408 4.921696958617865 1.5058184179998562 6.913510485234598 2
13.842736392166534 6.608571731829903 2.0023726785529203 418368.00121145917 108544
18.972108524360465 20 2.8915948119015003 19351.177894233235 3825
11.273578270520774 9.61245742550156 2.093595329861294 1296713.7956518424 328662
6.324968736737643 16.805480475437463 3.9039574577336 1421786.6875861436 182820
0.23914867717129273 6.680855320791416 4.021891612041048 286681.47418749664 34771
4.559312740390617 2.8552832306188014 3.1265083010025214 591340.1215502853 107001
19.341751923910564 11.43074884563078 2.1296356919314094 234858.14145294632 58963
11.476269745096772 13.138015404668346 3.110378654311195 1639801.4497255024 298588
13.522944067881241 2.693112063589397 2.6783566180537166 234337.5183162546 49889
2.202128197372142 14.895357846365727 4.909172003842911 4652359.98728389 343872
0.24166225044655398 0 2.798823662175099 54089.01335306468 11050
17.328368531661802 6.789946207399195 1.9001258899967461 320461.28026304726 85242
9.523413081122342 0 2.518769639498025 9490.652731163638 2128
15.470568992961052 10.517967367671075 2.270428984569721 1152270.8691334387 278300
