nan nan 3.29829117092823 4.362172871883585 6.098709634216365 7.524648725337414 nan nan nan nan 3.2993276458158363 5.491791057521146 7.886671424031372 nan nan nan nan nan nan nan
4.364974243854603 3.852076250063224 3.0 3.0 5.54541132822986 nan nan nan nan 4.5426265207483505 3.0 6.382248514288547 9.165442831218337 11.615726684344784 nan nan nan nan nan nan
3.5037018114254086 3.7799303123005825 4.206437026561945 4.131028391643905 3.5802648747796173 5.490236307304042 nan nan nan 3.6451552538981975 4.02235181771239 6.545556952691724 9.399967411809149 11.91294892216451 nan nan nan nan nan nan
3.6426420719138273 4.593396212793264 5.1116899812375465 5.020052911390716 4.350761457980467 3.327633136382055 nan nan 3.308077482160581 3.366180692082825 3.0228205491702353 5.924240637242339 8.507705200990276 10.782149880317938 12.059005300928082 nan nan nan nan nan
3.9064278178360605 4.926031816947319 5.481858372203149 5.383585307837382 4.66582641189731 3.568607179866624 3.1278424031961856 4.086770360160353 4.71225513864938 4.795021383093358 4.305915367115012 3.4123503990155726 6.795348077225235 8.61201225555447 9.63187329003505 nan nan nan nan nan
nan 4.662015434020147 5.188051821021552 5.095045815407568 4.415756039148768 3.3773435431854892 3.9319788790329215 5.137437462702107 5.923728017386804 6.027772621653965 5.412922422529605 4.2896309875070235 3.0000000000000004 3.764985900186365 5.346430680347665 nan nan nan nan nan
3.0877773872109717 3.893708104269402 4.33305288383864 4.255374411313161 3.2214910865525628 3.0515339428393977 4.362050402508187 5.699359493393844 6.5716528439100985 6.687077626668341 6.004976414763486 4.758821741247186 3.328133647234425 3.921072480576178 5.568079872219898 6.977811488118118 nan nan nan nan
nan 3.0 3.125474788304699 3.8014640826798973 4.080364615570542 3.8650956308865703 3.230983235099695 5.579801436229045 6.433796292258968 6.546799756833782 5.879007292390747 4.658993772431288 3.2583178734954017 3.6037908324787487 5.117527232005389 6.413187513419755 nan nan nan nan
nan nan 3.493584310174141 4.249189698997597 4.560938342580314 4.320315589783458 3.6115192414342254 4.820861192583106 5.558699394740099 5.656332621159056 5.079370373787657 4.025297769230221 3.0777164855975734 3.1312736753596035 4.150764158958629 5.201658470697064 5.752661232827328 5.6144724510597195 nan nan
nan nan 3.446193402900814 4.191548910302294 4.499068644619076 4.261709969500966 3.2735022163561576 3.0056915999699423 3.0 3.2386917482420636 3.0855398842469373 3.6381296376725585 4.194279778025456 4.2672669550568525 3.831381681688656 3.035807391906051 4.117654326226444 4.018741212442808 nan nan
nan nan 3.0 3.648851141181526 3.916554979907985 3.551025224094428 3.694641854363255 3.3923771094672714 3.517707758397443 3.7975903632829633 3.618009196553402 4.375424011040249 5.044282166243374 5.132060744437609 4.607840037345342 3.651036625494408 3.0084804513096484 3.7999394907305137 4.235643092432084 nan
nan nan 3.6286556627017594 3.4920929191709225 3.0 3.5369315375465877 3.6799781668601055 3.378913082428406 3.6400843567022045 3.9297037229854843 3.7438751548760045 4.643819287940831 5.353706236997987 5.446869288957724 4.890492072808954 3.8749968596571223 3.687349926115329 4.657403239661511 5.191424207902499 nan
nan nan 4.38956550030556 4.224366274104056 3.5876890021087444 3.108942855621559 3.441079594187971 3.276765225880949 3.3241172166782396 3.588596999948397 3.418898750657543 4.3495433744366645 5.014445233104761 5.101704600937192 4.580584659756089 3.6294407408687404 3.9883632265640605 5.037605918762295 5.615221180297926 nan
nan nan 4.686088639878111 4.509729905245803 3.8300439246269624 3.543290588679253 3.823351166229904 3.6407830173396336 3.059557322493238 3.044472928795021 3.2481113785807962 3.058178979575639 4.144808187642022 4.216934479869247 3.7861904795775922 2.9999999999999996 3.807047037412469 4.8085897896510135 5.3599459087595225 nan
nan nan 4.414816473278655 4.24866693862505 3.6083271809949715 3.4743169176433204 3.7489258378538057 3.5699115593357336 3.000000000000001 3.6588500948310996 3.9035829529435344 3.6753220380446887 3.0537998852293238 3.0085153922904646 3.4371050039972495 3.4653455898255157 3.0832837496163994 4.050647573807745 4.515097531876019 nan
nan nan nan nan 3.0 3.006389743911326 3.2440138469731066 3.0891095294603916 3.2098497187877273 3.8805233960543526 4.140083519337402 3.8979933003581975 3.238815910562066 3.8419119770060934 4.38922629909872 4.425289882223247 3.937392109249288 3.091639149889137 3.3565031181260943 nan
nan nan nan nan 3.417329264886847 3.245866890115402 3.582732354506241 3.489885796954343 3.0 3.6320279803418156 3.8749667631110567 3.6483791718614897 3.0314132424246085 4.32967973376852 4.946480884484198 4.987123087094737 4.437281989110416 3.4841525395466144 nan nan
nan nan nan nan 3.6599795229345027 3.381869040925987 3.732849202327501 3.6361123646286035 3.1257003032608184 3.0000000000000004 3.2006637482564577 3.22124742293604 3.0 4.306032714005129 4.919465137725298 4.959885368497859 4.413047287852061 3.4651234591001456 nan nan
nan nan nan nan nan 3.0 3.4322563391594367 3.1924794587683363 nan 3.018622079033357 3.60977003373508 3.809460863387186 3.5478127227324365 3.779306086010128 4.317701645519296 4.353177554390084 3.873230321401111 3.3758239226426343 nan nan
nan nan nan nan nan 3.3531667926115807 3.1281398940039686 nan nan nan nan nan nan nan nan nan nan nan nan nan
